256 8.50228013029
304 9.05869445968
362 9.29663749424
430 9.61574253587
512 9.99609247802
608 10.4038936112
724 10.7036610638
861 11.0505324298
1024 11.5329643497
1217 11.8145459526
1448 12.1897087602
1722 12.555318943
2048 12.9382273948
2435 13.2725717024
2896 13.6425323741
3444 13.9987901079
4096 14.3662258393
4870 14.7065950238
5792 15.0816954908
6888 15.4592397222
8192 15.8247848467
9741 16.1750705792
11585 16.5515688616
13777 16.8986462782
16384 17.2496159832
19483 17.623181091
23170 17.9853185536
27554 18.3549536362
32768 18.6991765298
38967 19.07740771
46340 19.4471423074
55108 19.8037847009
65536 20.1672418397