256 8.21302931596
304 8.70049369172
362 9.02533394749
430 9.3090345095
512 9.65516118528
608 10.0477104469
724 10.3179829611
861 10.6094869313
1024 11.0890444408
1217 11.3672099712
1448 11.6881547139
1722 12.0741457749
2048 12.4464881582
2435 12.7528920528
2896 13.0851798561
3444 13.4511929536
4096 13.7788809766
4870 14.1053766385
5792 14.4890218987
6888 14.8377573983
8192 15.1912066896
9741 15.5379074343
11585 15.8772964652
13777 16.2182044737
16384 16.5545914163
19483 16.9188088659
23170 17.261525403
27554 17.6007210128
32768 17.9395901468
38967 18.2926463103
46340 18.6453555077
55108 18.9874458259
65536 19.3352822247