256 0.7421875
304 0.7006578947368421
362 0.7403314917127072
430 0.7046511627906977
512 0.73046875
608 0.7483552631578947
724 0.7279005524861878
861 0.7131242740998839
1024 0.7265625
1217 0.7600657354149548
1448 0.7479281767955801
1722 0.7334494773519163
2048 0.73974609375
2435 0.737987679671458
2896 0.7496546961325967
3444 0.7468060394889663
4096 0.745361328125
4870 0.7431211498973306
5792 0.7420580110497238
6888 0.7486933797909407
8192 0.7410888671875
9741 0.7440714505697567
11585 0.7470867501078982
13777 0.746025985337882
16384 0.74517822265625
19483 0.7464969460555356
23170 0.7435908502373759
27554 0.742759671916963
32768 0.746337890625
38967 0.745553930248672
46340 0.7454251186879586
55108 0.7466248094650505