256 0.4609375
304 0.5131578947368421
362 0.49171270718232046
430 0.5116279069767442
512 0.498046875
608 0.4917763157894737
724 0.5124309392265194
861 0.5226480836236934
1024 0.5185546875
1217 0.5160230073952342
1448 0.513121546961326
1722 0.5272938443670151
2048 0.52099609375
2435 0.5162217659137577
2896 0.512085635359116
3444 0.5223577235772358
4096 0.51416015625
4870 0.5190965092402464
5792 0.5189917127071824
6888 0.5188734030197445
8192 0.51904296875
9741 0.5190432193819936
11585 0.5199827362969357
13777 0.5197067576395442
16384 0.5206298828125
19483 0.5182466765898476
23170 0.5195079844626672
27554 0.5172751687595267
32768 0.517608642578125
38967 0.5197731413760361
46340 0.5201553733275788
55108 0.5192349568120781