256 4.98828125
304 4.987938596491228
362 4.321362799263352
430 4.989147286821705
512 5.66015625
608 5.660087719298246
724 4.9935543278084715
861 5.660859465737515
1024 6.329752604166667
1217 6.329772665023281
1448 5.663213627992634
1722 6.330042586140147
2048 6.998046875
2435 6.998083504449007
2896 6.331491712707182
3444 6.998257839721254
4096 7.665608723958333
4870 7.665503080082136
5792 6.999021639042358
6888 7.665747193186218
8192 8.332763671875
9741 8.332717380145775
11585 7.666148755574738
13777 8.332849435048752
16384 8.99969482421875
19483 8.999674930281099
23170 8.333045604948929
27554 8.99973385594348
32768 9.66650390625
38967 9.666495581731551
46340 8.999848942598188
55108 9.66652754590985