256 0.3216145833333333
304 0.32127192982456143
362 0.32228360957642727
430 0.3248062015503876
512 0.3268229166666667
608 0.3267543859649123
724 0.3268876611418048
861 0.32713898567557104
1024 0.3297526041666667
1217 0.3294987674609696
1448 0.3298802946593002
1722 0.3302361595044522
2048 0.3313802083333333
2435 0.33127994524298426
2896 0.3314917127071823
3444 0.3315911730545877
4096 0.332275390625
4870 0.3323066392881588
5792 0.3323549723756906
6888 0.33241385985288424
8192 0.332763671875
9741 0.3326831605242446
11585 0.3327866494029636
13777 0.33282524013452375
16384 0.3330281575520833
19483 0.3329911546818594
23170 0.33305999136814846
27554 0.3330792867339285
32768 0.3331705729166667
38967 0.3331536941514615
46340 0.33318227593152067
55108 0.33319421257651644