256 0.4700520833333333
304 0.4791666666666667
362 0.47605893186003684
430 0.4875968992248062
512 0.48046875
608 0.48848684210526316
724 0.48296500920810315
861 0.4885791715060008
1024 0.4895833333333333
1217 0.4850725828540126
1448 0.48549723756906077
1722 0.49477351916376305
2048 0.4847005208333333
2435 0.4922655715263518
2896 0.48872007366482506
3444 0.48635307781649245
4096 0.488525390625
4870 0.49048596851471593
5792 0.4895833333333333
6888 0.48828881145954317
8192 0.4901936848958333
9741 0.4925230126954796
11585 0.4904042583800892
13777 0.48888243691176114
16384 0.4925130208333333
19483 0.49179626683091243
23170 0.4930225866781758
27554 0.49022525465147226
32768 0.4920145670572917
38967 0.4905946056919958
46340 0.4933606675298518
55108 0.4921124579613365