256 0.765625
304 0.7116228070175439
362 0.7228360957642725
430 0.7472868217054264
512 0.74609375
608 0.7658991228070176
724 0.757366482504604
861 0.7394502516453736
1024 0.74609375
1217 0.7444535743631882
1448 0.7483885819521179
1722 0.737901664730933
2048 0.72607421875
2435 0.7605749486652977
2896 0.7398710865561694
3444 0.7336430507162215
4096 0.7353515625
4870 0.753388090349076
5792 0.7286487108655617
6888 0.7368854045683314
8192 0.7484537760416666
9741 0.7461246278616158
11585 0.7493885771831391
13777 0.7375577653577218
16384 0.7440388997395834
19483 0.7421854950469641
23170 0.7341101999712272
27554 0.7412716846918778
32768 0.74017333984375
38967 0.7461099562877991
46340 0.7439145446698316
55108 0.7444896082843386